Sample	Country	Host	Lat	Long	GwTET-14C_1	GwTET-14C_2	GwTET-19C_1	GwTET-19C_2	GwTET-34C_1	GwTET-34C_2	GwTET-36A_1	GwTET-36A_2	GwTET-4D_1	GwTET-4D_2	GwTRI-11D_1	GwTRI-11D_2	GwTRI-12A_1	GwTRI-12A_2	GwTRI-13B_1	GwTRI-13B_2	GwTRI-15D_1	GwTRI-15D_2	GwTRI-20C_1	GwTRI-20C_2	GwTRI-21A_1	GwTRI-21A_2	GwTRI-22B_1	GwTRI-22B_2	GwTRI-25B_1	GwTRI-25B_2	GwTRI-26C_1	GwTRI-26C_2	GwTRI-27D_1	GwTRI-27D_2	GwTRI-31D_1	GwTRI-31D_2	GwTRI-32A_1	GwTRI-32A_2	GwTRI-33B_1	GwTRI-33B_2	GwTRI-37C_1	GwTRI-37C_2	GwTRI-38B_1	GwTRI-38B_2	GwTRI-3C_1	GwTRI-3C_2	GwTRI-8D_1	GwTRI-8D_2	GwTRI-9A_1	GwTRI-9A_2
PDB14-283	Chad	Human	8.2365	17.66638	237	249	291	307	375	375	397	401	135	143	200	200	233	351	233	243	255	257	209	209	271	297	345	354	358	358	348	384	269	275	347	350	343	349	357	403	391	438	391	419	137	159	194	212	185	188
PDB14-68	Chad	Human	9.0005	18.04903	249	249	307	332	375	387	378	397	143	143	210	210	318	318	243	243	230	272	218	224	297	327	323	345	355	401	360	360	237	275	347	350	355	355	418	418	403	410	394	422	137	140	170	212	176	179
PDB14-223	Chad	Human	9.0005	18.04903	249	249	268	307	387	407	397	401	143	143	210	210	246	318	243	243	252	272	224	224	279	327	323	345	355	361	372	375	237	275	347	350	349	349	365	394	403	410	431	431	125	147	170	170	151	151
PDB14-138	Chad	Human	9.09549	18.22471	253	253	291	340	387	387	393	401	143	143	213	213	233	233	233	233	255	255	227	227	297	315	354	354	381	395	345	345	249	249	338	367	340	343	374	386	413	441	391	391	156	162	185	185	191	191
PDB14-207	Chad	Human	9.09549	18.22471	253	253	291	340	387	387	393	401	143	143	210	213	233	357	233	233	242	278	227	227	297	315	354	354	372	381	345	345	249	249	338	356	343	343	368	386	413	441	391	413	134	156	185	185	191	191
PDB14-135	Chad	Human	9.19499	18.50404	228	233	291	336	375	399	397	401	143	143	200	210	233	324	230	233	242	255	212	212	265	315	329	360	358	387	354	357	258	266	365	373	343	349	333	360	441	441	410	416	147	147	170	185	188	191
DOG15-1	Chad	Dog	9.27	18.72555556	233	241	336	340	375	395	393	401	143	147	210	213	233	366	223	227	242	246	209	269	297	303	307	354	358	378	351	357	255	289	341	353	349	349	365	365	359	447	391	416	147	147	173	179	191	210
DOG15-2	Chad	Dog	9.33111	18.63972	233	241	272	303	399	399	401	401	143	143	210	210	214	333	223	236	257	278	215	218	300	309	301	317	260	260	375	378	252	255	344	365	343	355	386	400	403	428	391	416	150	159	179	209	176	191
DOG15-3	Chad	Dog	9.33111	18.63972	228	228	295	303	375	387	393	397	143	143	210	213	224	227	236	236	252	255	212	215	276	303	310	326	260	260	348	354	252	252	347	347	343	352	354	365	359	394	400	416	147	147	194	197	169	191
DOG15-5	Chad	Dog	9.33111	18.63972	249	249	268	291	371	375	393	397	143	143	203	210	221	221	236	243	239	252	227	227	279	309	339	351	260	337	326	326	269	275	344	367	343	367	351	360	359	419	407	410	125	134	161	185	163	169
PDB15-24	Chad	Human	9.33111	18.63972	228	233	291	327	375	391	393	397	143	143	200	210	214	233	233	236	242	255	197	233	271	327	310	357	260	260	354	378	260	260	353	356	346	358	415	415	428	435	400	416	147	153	167	197	169	188
PDB14-100	Chad	Human	9.40646	18.82908	233	233	295	332	387	403	397	401	143	143	210	210	327	363	233	249	242	242	197	221	303	318	304	307	407	413	348	372	260	266	376	376	346	373	360	380	359	428	422	422	131	147	167	194	188	188
PDB15-18	Chad	Human	10.25572	17.42825	241	241	268	332	383	391	397	397	143	143	210	210	230	360	233	233	260	260	197	257	294	306	310	339	260	260	363	363	249	263	347	379	343	358	360	360	359	397	416	419	140	144	167	185	151	200
DOG15-98.2	Chad	Dog	10.34016	15.46223	241	249	291	332	375	399	382	382	143	143	210	210	227	312	217	249	249	266	197	227	300	309	301	329	407	410	372	378	255	269	335	347	352	367	371	371	397	413	403	422	137	147	179	209	182	188
DOG15-98.3	Chad	Dog	10.34016	15.46223	233	245	291	295	399	399	397	397	143	143	200	210	221	221	233	233	249	249	200	200	265	265	339	363	361	366	354	354	263	266	356	382	343	343	360	360	359	359	403	413	131	131	185	185	188	191
DOG15-47.10	Chad	Dog	10.48323	15.49503	233	249	268	295	371	371	393	397	143	143	210	210	227	227	233	233	246	249	209	221	291	297	348	351	361	413	345	345	263	263	335	362	349	349	357	360	359	359	403	419	144	168	167	167	176	185
DOG15-47.11	Chad	Dog	10.48323	15.49503	249	249	268	268	371	371	393	397	143	143	200	210	208	221	233	249	246	249	209	227	291	297	348	348	361	381	345	345	263	269	335	335	349	349	357	360	359	359	403	419	125	131	167	167	176	179
DOG15-47.6	Chad	Dog	10.48323	15.49503	233	249	268	268	371	371	397	397	143	143	210	210	211	211	220	252	249	249	200	255	306	306	348	360	404	410	0	0	255	269	335	341	367	379	357	377	359	400	400	407	131	131	185	185	163	182
DOG15-47.7	Chad	Dog	10.48323	15.49503	233	249	327	327	371	383	397	397	143	143	210	210	221	227	249	249	249	249	197	200	306	306	348	360	358	361	0	0	269	269	335	335	343	367	357	377	359	359	407	431	125	131	185	185	197	197
DOG15-47.8	Chad	Dog	10.48323	15.49503	224	249	268	268	371	383	374	397	143	143	210	210	227	227	233	249	249	255	197	227	306	306	314	348	337	337	329	329	263	269	338	373	367	375	371	377	359	400	391	407	125	125	185	215	188	191
DOG15-4	Chad	Dog	10.54222	16.40747	233	249	291	291	375	387	397	401	143	143	213	213	233	233	211	233	242	272	197	215	265	300	304	317	358	361	336	336	258	258	367	376	343	364	360	374	428	428	416	416	137	140	182	212	191	191
DOG14-11	Chad	Dog	10.65456	16.30363	233	249	268	295	371	399	393	397	143	143	210	213	227	306	217	233	246	255	197	240	265	291	348	351	260	260	345	354	255	263	335	344	349	367	360	377	359	400	403	403	131	131	167	185	185	185
DOG14-4	Chad	Dog	10.66413	16.28955	249	249	268	323	383	383	382	393	143	143	210	213	221	221	233	233	249	249	227	227	306	309	351	351	260	416	345	392	263	263	335	335	343	367	371	415	359	359	400	428	131	131	185	185	151	182
DOG14-10	Chad	Dog	10.74606	15.96846	245	249	291	295	371	383	382	397	143	143	210	210	221	221	217	236	252	255	227	230	271	306	339	348	355	364	332	332	255	263	373	387	367	367	371	377	359	359	403	407	131	144	185	215	182	191
PDB14-24	Chad	Human	10.74609	15.96966	245	249	303	332	383	387	393	397	143	143	200	210	221	227	249	249	249	252	200	224	294	294	342	348	381	410	351	375	269	269	370	373	355	367	427	427	359	359	400	407	131	150	173	194	151	188
DOG15-7	Chad	Dog	10.75301	15.93138	224	233	295	295	371	399	397	397	143	143	200	210	221	227	236	236	255	275	200	200	265	291	314	360	364	410	348	354	263	269	338	373	346	367	377	377	359	419	410	410	147	165	167	185	169	185
DOG14-7	Chad	Dog	10.79525	15.91317	249	249	311	327	371	371	397	397	143	143	210	210	227	227	201	249	242	266	200	209	306	306	348	351	337	361	329	329	266	269	335	341	367	367	357	389	359	359	403	407	125	131	185	215	185	191
DOG14-13	Chad	Dog	10.79927	15.88559	237	237	307	332	363	371	393	397	143	143	210	210	221	224	227	236	236	242	200	221	276	315	314	354	384	404	348	384	249	263	341	376	343	355	348	363	359	400	403	419	125	156	167	170	173	179
PDB15-189	Chad	dog	10.81739	15.72836	249	249	268	327	371	371	0	0	143	143	210	210	227	227	0	0	242	252	197	227	300	309	348	348	398	410	0	0	263	266	0	0	0	0	0	0	0	0	400	403	125	144	215	215	151	185
DOG15-129.1	Chad	Dog	10.817406	15.742942	224	233	295	327	371	399	397	397	143	143	200	213	221	221	236	249	242	275	200	200	265	291	314	360	260	407	342	354	263	269	338	341	349	349	377	377	359	400	410	410	131	159	185	215	169	185
DOG15-129.4	Chad	Dog	10.817406	15.742942	224	241	268	291	375	399	393	397	143	143	200	200	221	255	236	249	249	249	197	230	297	306	301	314	381	431	354	354	263	269	335	335	367	379	360	415	359	359	403	407	125	131	185	209	191	191
DOG14-15	Chad	Dog	10.90991	15.62164	245	245	268	268	371	375	393	393	139	143	210	210	221	318	201	201	242	255	200	200	259	285	301	354	260	395	345	345	263	266	365	367	349	349	391	394	359	400	403	416	131	144	167	209	191	194
DOG14-5	Chad	Dog	10.91001	15.61199	249	249	291	327	371	383	393	397	143	143	210	210	227	278	217	233	255	266	200	230	291	306	348	348	387	398	348	348	260	263	365	379	349	358	357	360	359	359	403	419	125	140	167	185	185	200
PDB16-7	Chad	Cat	10.91784	15.54109	245	249	295	332	367	371	393	397	143	143	210	210	211	227	220	236	246	266	197	221	265	291	348	354	372	407	345	357	240	275	353	362	343	343	377	391	359	397	403	416	131	165	167	200	185	191
PDB16-9a	Chad	Cat	10.91784	15.54109	245	249	295	332	367	371	393	397	143	143	210	210	211	227	220	236	246	266	197	221	265	291	348	354	372	407	345	357	240	275	353	362	343	343	377	391	359	397	403	416	131	165	167	200	185	191
PDB16-9b	Chad	Cat	10.91784	15.54109	233	249	268	295	371	371	397	397	143	143	203	210	227	233	217	220	249	249	221	249	306	306	348	360	260	384	329	329	252	255	335	379	343	355	360	363	397	419	400	407	125	137	212	215	182	191
PDB16-10a	Chad	Cat	10.91784	15.54109	224	245	268	268	375	379	382	397	143	143	200	200	221	227	233	239	249	266	218	227	288	309	314	336	349	381	384	384	252	263	353	359	358	367	371	383	359	359	403	403	131	162	188	212	151	163
PDB16-10b	Chad	Cat	10.91784	15.54109	224	245	268	327	371	375	382	393	143	143	200	200	227	227	239	243	242	249	200	200	265	309	314	336	349	387	342	342	252	258	335	341	346	367	360	371	359	359	407	416	131	162	212	215	163	200
DOG14-14	Chad	Dog	10.91887	15.50136	233	245	295	311	383	399	393	393	143	143	210	210	227	227	201	266	242	249	240	243	276	306	301	342	364	372	381	381	263	275	335	367	343	349	360	394	359	400	403	403	165	165	179	185	185	185
DOG14-16	Chad	Dog	10.91893	15.59601	233	245	268	332	375	387	393	397	143	143	210	210	221	312	233	249	242	249	200	200	297	315	342	360	410	410	354	372	263	269	335	382	343	367	357	377	359	422	400	419	131	144	185	209	176	182
DOG15-9	Chad	Dog	10.91893	15.59601	237	241	268	291	375	383	382	397	143	143	210	210	318	384	233	246	255	257	200	200	279	306	301	314	389	410	326	326	258	263	341	373	343	367	351	371	359	359	400	403	125	131	161	185	182	182
DOG15-10	Chad	Dog	10.91893	15.59601	241	249	268	291	371	375	397	401	143	143	203	210	227	306	223	246	242	246	209	227	288	294	301	348	387	410	342	378	260	269	359	362	343	370	342	389	359	397	407	416	125	171	167	179	191	194
PDB14-25	Chad	Human	10.92239	15.54987	241	245	291	307	371	375	393	397	143	143	200	213	360	360	217	217	252	255	197	197	279	309	329	339	381	413	329	332	255	255	350	370	358	367	418	418	359	359	407	407	144	165	161	215	191	191
DOG14-2	Chad	Dog	10.95898	15.58826	245	245	268	291	363	371	393	393	143	143	210	210	208	208	246	246	242	242	200	209	282	291	342	342	381	381	0	0	260	260	335	335	349	358	360	360	419	419	400	403	125	125	167	167	185	185
DOG15-6	Chad	Dog	10.96384	15.54853	245	249	268	332	375	403	393	393	139	143	200	210	221	227	217	249	249	249	197	224	297	312	342	348	381	395	372	372	255	269	335	385	349	367	391	415	359	400	403	407	131	140	167	209	185	191
DOG15-8	Chad	Dog	11.00003	15.31315	233	245	291	307	383	383	393	393	143	143	194	210	208	221	233	249	242	249	209	227	265	294	348	354	381	384	329	329	260	260	335	367	343	349	389	394	359	359	400	407	125	131	185	185	163	188
DOG15-108.3	Chad	Dog	11.16995	15.38707	233	245	291	327	371	375	397	401	143	143	210	210	227	227	233	249	249	255	200	221	279	306	342	342	392	395	326	329	263	269	335	382	367	379	342	363	359	359	403	407	125	125	161	215	151	188
DOG15-108.4	Chad	Dog	11.16995	15.38707	233	233	268	332	371	375	397	401	143	143	210	210	227	227	220	233	257	260	200	221	297	306	360	360	366	392	329	329	263	263	338	365	343	379	354	363	359	413	400	403	144	150	203	215	151	188
DOG15-108.5	Chad	Dog	11.16995	15.38707	233	237	327	332	375	399	393	397	143	143	210	210	208	227	217	220	236	242	200	221	265	274	326	348	260	260	354	360	252	255	356	373	343	349	345	357	410	419	397	403	125	134	182	185	185	194
DOG15-108.6	Chad	Dog	11.16995	15.38707	245	249	268	332	375	375	382	397	143	143	200	210	221	227	220	249	252	260	200	221	294	297	342	360	260	260	372	387	263	263	350	365	343	343	363	371	359	359	400	400	125	131	203	209	151	182
DOG15-108.7	Chad	Dog	11.16995	15.38707	233	249	291	327	371	375	393	397	143	143	210	210	227	233	217	233	249	255	200	209	297	306	323	348	395	410	329	372	255	263	335	382	349	367	342	391	359	359	403	403	140	144	209	215	185	188
DOG14-1	Chad	Dog	11.24396	15.31586	228	241	295	303	367	375	382	397	143	143	210	210	243	243	220	246	249	266	197	197	282	291	329	332	410	410	375	395	269	275	353	379	352	367	374	377	359	359	403	407	137	159	167	179	151	185
DOG14-3	Chad	Dog	11.596	15.42069	233	249	327	327	371	371	378	397	143	143	200	200	221	227	236	249	249	249	200	227	294	306	348	360	361	410	345	345	263	269	335	335	349	349	363	377	359	359	407	422	125	131	167	185	151	191
DOG14-6	Chad	Dog	11.596	15.42069	245	249	268	268	371	379	397	401	143	143	194	200	224	360	220	233	242	249	224	227	306	306	317	339	384	387	329	372	260	263	335	367	355	367	354	360	359	359	394	407	144	144	209	215	188	191
DOG14-12	Chad	Dog	11.596	15.42069	245	249	268	268	363	375	401	401	143	143	194	194	224	224	217	233	249	249	209	227	276	288	317	339	384	395	360	375	260	263	335	387	349	367	354	354	359	359	394	407	144	144	179	179	185	188
PDB14-69	Chad	Human	11.89128	15.19007	241	249	268	332	371	375	382	397	139	143	210	210	208	278	220	220	249	252	227	230	291	294	301	329	410	413	363	387	260	275	341	350	349	358	368	377	397	400	403	407	134	165	206	209	182	185
DOG15-339.1	Chad	Dog	11.9225	15.27277	233	245	268	268	375	399	393	397	143	143	200	200	221	243	201	217	249	255	197	200	265	312	301	301	384	416	354	372	255	266	332	376	367	379	360	386	359	359	400	416	125	162	185	209	173	191
DOG15-339.2	Chad	Dog	11.9225	15.27277	245	249	268	307	375	383	382	397	143	143	210	210	221	221	201	201	252	255	197	255	276	309	301	332	384	395	392	392	266	266	332	332	337	337	360	374	359	419	403	419	125	134	185	218	176	185
DOG15-339.3	Chad	Dog	11.9225	15.27277	245	249	268	268	375	383	382	401	143	143	200	200	243	243	201	217	252	257	200	240	309	312	301	329	260	389	0	0	255	266	332	365	337	367	342	374	359	400	400	416	125	162	185	209	173	191
PDB16-6	Chad	Cat	na	na	249	249	303	332	371	387	0	0	143	143	203	203	0	0	233	249	249	263	197	200	291	294	348	348	410	410	345	375	263	269	335	341	355	382	351	351	359	400	391	403	134	165	167	173	185	188
DOG14-9	Chad	Dog	na	na	241	245	291	332	371	371	393	397	143	143	210	210	221	221	201	243	249	252	227	240	306	309	301	301	381	410	329	329	266	269	335	347	349	367	360	377	419	419	407	431	125	140	215	215	163	197
PDB16-3	Chad	Dog	8.2365	17.66638	237	249	268	295	375	375	397	401	143	147	210	210	318	333	220	243	242	249	188	188	279	282	354	354	355	358	384	384	258	275	341	350	343	346	357	403	359	441	391	400	159	162	191	194	185	191
PDB15-152	Ethiopia	Human	7.89883	34.35936	224	224	323	332	367	375	378	397	143	143	210	210	227	227	249	255	281	290	206	227	265	274	323	332	260	260	345	348	252	258	323	362	358	361	348	348	359	359	407	407	131	134	182	185	194	197
PDB15-187	Ethiopia	dog	7.64037	34.45603	224	228	295	348	395	424	397	397	143	143	210	210	303	327	255	255	272	290	221	227	282	288	314	339	260	260	348	354	260	263	356	362	346	361	348	368	359	416	403	419	144	144	158	191	179	194
PDB15-153	Ethiopia	baboon	7.62934	34.37369	224	224	295	311	424	432	378	397	143	143	210	210	327	340	255	255	275	281	227	240	268	291	317	342	260	355	345	348	258	263	353	359	346	355	365	374	359	359	397	407	125	153	182	191	182	197
PDB15-186	Ethiopia	dog	7.62256	34.39132	237	237	295	311	424	424	390	397	143	143	210	210	230	318	255	255	272	287	212	243	268	312	320	323	260	260	348	348	263	266	353	370	355	361	348	394	359	359	407	407	150	153	188	191	176	176
PDB15-171	Ethiopia	dog	7.622545	34.387596	224	224	311	332	367	375	378	397	143	143	210	210	230	306	243	258	272	278	233	240	265	274	320	342	260	260	354	369	240	260	350	356	343	367	348	394	359	359	413	413	137	162	176	179	185	197
PDB15-170	Ethiopia	dog	7.61993	34.39724	228	228	332	332	383	395	378	397	143	143	210	210	227	233	236	255	255	278	230	252	265	271	314	345	260	260	345	348	249	263	353	362	346	349	348	394	359	400	407	413	128	134	158	185	194	203
PDB15-174	Ethiopia	dog	7.61993	34.39724	237	245	311	332	395	424	397	409	143	143	210	210	230	230	236	261	249	287	224	243	268	271	320	345	260	372	348	387	258	260	350	353	343	358	377	380	359	359	407	413	137	144	158	185	163	179
PDB14-195	Ethiopia	dog	7.61877	34.37542	237	237	295	348	367	424	397	397	143	143	210	210	306	333	236	239	290	290	221	227	265	291	320	332	392	395	345	348	240	249	365	370	361	361	354	368	428	428	407	413	131	183	185	191	188	194
PDB15-173	Ethiopia	dog	7.61687	34.39655	224	228	332	332	383	436	397	397	143	143	210	210	227	227	233	252	249	290	227	240	285	300	317	342	260	260	348	348	246	249	350	370	364	367	345	348	359	435	400	407	144	147	185	191	176	176
PDB15-175	Ethiopia	dog	7.61687	34.39655	0	0	311	348	375	375	378	390	143	143	210	210	315	340	255	261	272	290	227	252	265	268	326	339	260	260	354	354	263	263	359	359	346	349	394	397	359	406	403	403	131	147	176	230	176	191
PDB14-278	Ethiopia	Human	7.57603	34.46161	224	224	295	332	387	432	397	397	143	143	210	210	230	315	236	239	278	284	218	221	276	285	326	336	260	372	348	354	249	249	329	370	343	355	368	374	400	400	407	413	119	144	191	200	182	194
PDB14-287	Mali	Human	16.17478	-1.7274	241	241	307	307	395	395	390	401	143	143	210	210	224	261	261	261	252	255	297	315	262	297	317	317	378	378	339	339	266	266	376	376	355	355	357	368	431	435	397	410	134	159	176	176	182	191
PDB14-250	Mali	Human	16.11529	-1.73529	241	241	307	307	395	395	390	390	143	143	200	210	233	261	261	261	255	255	315	315	291	291	317	317	378	378	339	339	266	266	0	0	355	361	368	368	403	403	416	416	134	134	176	176	173	173
PDB14-253	Mali	Human	16.11529	-1.73529	241	241	307	307	391	395	390	401	143	143	210	210	224	224	261	261	252	255	297	315	262	297	317	317	410	410	339	339	266	266	370	373	355	355	357	368	403	435	410	410	134	134	176	176	173	191
PDB14-288	Mali	Human	16.11529	-1.73529	241	241	307	307	395	395	390	401	143	143	200	210	233	261	261	261	255	255	315	315	291	291	317	317	378	378	339	339	266	266	353	353	361	361	357	368	403	431	397	416	134	134	176	176	173	188
PDB14-291	Mali	Human	16.11529	-1.73529	245	245	283	307	379	383	397	401	143	143	210	210	0	0	233	239	239	246	218	237	274	282	396	396	404	404	354	354	252	255	367	370	358	370	357	368	422	422	410	410	150	153	188	197	188	213
PDB14-244	Mali	Human	15.38359	0.82048	245	245	307	307	379	391	390	401	143	143	210	210	218	299	227	233	242	249	218	218	274	291	393	417	384	395	369	369	252	281	367	370	343	355	354	357	373	373	410	416	137	147	185	251	197	213
PDB14-249	Mali	Human	15.38359	0.82048	241	241	307	307	391	395	390	401	143	143	200	200	224	233	261	261	255	255	297	315	262	262	317	317	378	378	339	339	266	266	376	376	355	355	357	368	431	435	397	416	159	159	176	185	173	173
PDB14-296	Mali	Human	15.38359	0.82048	237	245	307	307	383	387	401	401	143	143	210	210	303	303	227	239	246	249	218	218	282	285	326	396	0	0	354	354	255	255	344	353	358	358	357	357	373	425	400	416	137	165	242	242	203	206
PDB14-240	Mali	Human	13.37698	-4.3255	253	253	291	332	391	391	397	405	143	143	210	210	218	218	252	252	246	246	218	221	294	306	323	332	361	407	357	381	272	281	347	356	349	352	363	394	359	406	394	413	165	165	167	185	191	206
PDB15-165	Mali	Human	13.35926	-4.21467	245	249	311	332	367	379	393	401	139	143	210	210	189	189	243	246	263	263	203	233	274	318	323	339	392	392	339	348	266	269	344	379	349	358	351	391	359	394	385	403	159	159	185	197	169	185
PDB15-183	S Sudan	dog	8.04278	27.77333	220	228	323	323	367	379	409	409	143	143	210	210	333	333	220	220	255	296	230	230	300	300	295	336	260	260	360	360	231	231	347	370	337	361	374	374	425	447	397	407	128	156	182	200	203	203
PDB15-167	S Sudan	Human	8.04278	27.77333	220	228	311	323	0	0	0	0	0	0	210	210	333	333	220	220	233	252	227	230	300	300	320	336	260	260	360	360	0	0	347	347	337	337	374	377	425	447	397	407	0	0	182	182	185	203
PDB15-185	S Sudan	Human	8.04278	27.77333	220	228	311	323	0	0	0	0	0	0	210	210	333	333	220	220	252	255	230	230	279	300	295	295	260	260	360	360	0	0	347	370	337	337	374	374	447	450	397	407	0	0	182	182	185	185
PDB15-184	S Sudan	Human	7.69583	29.17306	220	228	295	323	395	403	378	378	143	143	200	210	255	258	217	230	246	252	215	224	285	297	307	339	260	260	354	378	258	266	365	393	343	343	365	365	359	422	425	431	162	168	185	197	188	188
PDB14-181	S Sudan	Human	6.27676	31.40957	237	245	295	323	375	375	382	382	143	143	210	210	308	308	223	236	239	252	206	206	271	300	329	329	260	260	336	348	252	252	344	359	349	364	377	377	388	391	397	400	134	150	167	182	169	194
PDB14-256	S Sudan	Human	5.49907	34.78838	228	228	311	327	379	395	397	397	143	143	194	194	337	337	233	243	236	249	209	243	291	306	329	332	260	260	360	378	252	272	365	365	358	361	368	374	388	388	397	397	134	159	188	209	197	203
PDB14-201	S Sudan	Human	5.46082	34.77197	228	228	295	327	391	395	397	397	143	143	210	210	290	290	233	243	236	249	209	249	279	306	329	332	260	260	357	378	252	272	365	390	343	358	374	374	406	406	397	397	134	159	188	209	197	197
PDB14-200	S Sudan	Human	5.45053	34.76992	228	228	295	327	391	391	397	397	143	143	210	210	290	290	236	243	236	249	243	249	279	294	332	332	260	260	357	360	252	278	365	365	340	343	368	374	388	388	397	397	131	134	209	209	197	203
PDB14-218	S Sudan	Human	5.44665	34.77532	228	228	295	327	391	395	397	397	143	143	194	210	337	337	233	236	249	278	209	249	279	306	329	332	260	260	357	378	252	278	365	390	343	358	374	374	388	397	397	397	131	134	188	209	203	203
